94458323.120000, 1024, 2, 128, 4
190152903.180000, 2048, 2, 128, 4
282329673.020000, 3072, 2, 128, 4
376114128.880000, 4096, 2, 128, 4
470169432.920000, 5120, 2, 128, 4
566092664.720000, 6144, 2, 128, 4
93678339.880000, 1024, 2, 128, 4
187704119.580000, 2048, 2, 128, 4
280889945.020000, 3072, 2, 128, 4
374645624.100000, 4096, 2, 128, 4
468103832.060000, 5120, 2, 128, 4
564714843.900000, 6144, 2, 128, 4
655140616.300000, 7168, 2, 128, 4
748961266.220000, 8192, 2, 128, 4
842689715.120000, 9216, 2, 128, 4
938694041.440000, 10240, 2, 128, 4
1030168942.200000, 11264, 2, 128, 4
1123010747.680000, 12288, 2, 128, 4
1220113802.360000, 13312, 2, 128, 4
1312184688.460000, 14336, 2, 128, 4
1404972337.560000, 15360, 2, 128, 4
1498834857.960000, 16384, 2, 128, 4
1592326382.100000, 17408, 2, 128, 4
1685212025.940000, 18432, 2, 128, 4
1780390458.140000, 19456, 2, 128, 4
1873111206.320000, 20480, 2, 128, 4
1967013910.260000, 21504, 2, 128, 4
2061088440.840000, 22528, 2, 128, 4
2153285989.300000, 23552, 2, 128, 4
2247494247.380000, 24576, 2, 128, 4
2341566567.140000, 25600, 2, 128, 4
2435390068.860000, 26624, 2, 128, 4
2530467852.440000, 27648, 2, 128, 4
2623517995.840000, 28672, 2, 128, 4
2714622682.760000, 29696, 2, 128, 4
2810667689.760000, 30720, 2, 128, 4
2902346913.080000, 31744, 2, 128, 4
2997400514.540000, 32768, 2, 128, 4
3090863537.280000, 33792, 2, 128, 4
3203248997.740000, 34816, 2, 128, 4
3277330974.960000, 35840, 2, 128, 4
3372851075.480000, 36864, 2, 128, 4
3464710959.680000, 37888, 2, 128, 4
3560964305.600000, 38912, 2, 128, 4
3653671501.800000, 39936, 2, 128, 4
3758581892.520000, 40960, 2, 128, 4
3841059670.600000, 41984, 2, 128, 4
3934627462.640000, 43008, 2, 128, 4
4027155648.440000, 44032, 2, 128, 4
4123043717.140000, 45056, 2, 128, 4
4227967414.100000, 46080, 2, 128, 4
4307799387.880000, 47104, 2, 128, 4
4400996851.880000, 48128, 2, 128, 4
4514898503.400000, 49152, 2, 128, 4
4589125036.740000, 50176, 2, 128, 4
4684700524.180000, 51200, 2, 128, 4
4775154540.620000, 52224, 2, 128, 4
4869468753.760000, 53248, 2, 128, 4
4963865213.560000, 54272, 2, 128, 4
5056230694.880000, 55296, 2, 128, 4
5150961463.080000, 56320, 2, 128, 4
5270774600.760000, 57344, 2, 128, 4
5341139684.100000, 58368, 2, 128, 4
5430390384.580000, 59392, 2, 128, 4
