22619868.000000, 1024, 2, 1024, 4
45059414.000000, 2048, 2, 1024, 4
67652802.000000, 3072, 2, 1024, 4
90306198.000000, 4096, 2, 1024, 4
113000532.000000, 5120, 2, 1024, 4
135261540.000000, 6144, 2, 1024, 4
157606660.000000, 7168, 2, 1024, 4
180298600.000000, 8192, 2, 1024, 4
202457144.000000, 9216, 2, 1024, 4
225859196.000000, 10240, 2, 1024, 4
264896782.000000, 11264, 2, 1024, 4
270443940.000000, 12288, 2, 1024, 4
294669914.000000, 13312, 2, 1024, 4
315737118.000000, 14336, 2, 1024, 4
337598296.000000, 15360, 2, 1024, 4
360964458.000000, 16384, 2, 1024, 4
382818038.000000, 17408, 2, 1024, 4
409674806.000000, 18432, 2, 1024, 4
427606052.000000, 19456, 2, 1024, 4
451817830.000000, 20480, 2, 1024, 4
473763222.000000, 21504, 2, 1024, 4
495703650.000000, 22528, 2, 1024, 4
518252306.000000, 23552, 2, 1024, 4
540587344.000000, 24576, 2, 1024, 4
565198214.000000, 25600, 2, 1024, 4
596454774.000000, 26624, 2, 1024, 4
626496006.000000, 27648, 2, 1024, 4
631051942.000000, 28672, 2, 1024, 4
689074834.000000, 29696, 2, 1024, 4
676628126.000000, 30720, 2, 1024, 4
700228396.000000, 31744, 2, 1024, 4
720783440.000000, 32768, 2, 1024, 4
