745108884.000000, 1024, 2, 1024, 4
1487119314.000000, 2048, 2, 1024, 4
2230240660.000000, 3072, 2, 1024, 4
2974618852.000000, 4096, 2, 1024, 4
3720661444.000000, 5120, 2, 1024, 4
4455682566.000000, 6144, 2, 1024, 4
5202434480.000000, 7168, 2, 1024, 4
5947795912.000000, 8192, 2, 1024, 4
6693733578.000000, 9216, 2, 1024, 4
7427924878.000000, 10240, 2, 1024, 4
8170905158.000000, 11264, 2, 1024, 4
8915396726.000000, 12288, 2, 1024, 4
9656126850.000000, 13312, 2, 1024, 4
10402256838.000000, 14336, 2, 1024, 4
11143301640.000000, 15360, 2, 1024, 4
11888481074.000000, 16384, 2, 1024, 4
12625269814.000000, 17408, 2, 1024, 4
13370372858.000000, 18432, 2, 1024, 4
14191132630.000000, 19456, 2, 1024, 4
14865304986.000000, 20480, 2, 1024, 4
15598626086.000000, 21504, 2, 1024, 4
16341746128.000000, 22528, 2, 1024, 4
17200735638.000000, 23552, 2, 1024, 4
17837844638.000000, 24576, 2, 1024, 4
18583537228.000000, 25600, 2, 1024, 4
19358105600.000000, 26624, 2, 1024, 4
20055222190.000000, 27648, 2, 1024, 4
20804925606.000000, 28672, 2, 1024, 4
21568304654.000000, 29696, 2, 1024, 4
22301638302.000000, 30720, 2, 1024, 4
23039346434.000000, 31744, 2, 1024, 4
23762003416.000000, 32768, 2, 1024, 4
