523362090.000000, 5120, 2, 16
2092458660.000000, 10240, 2, 16
4702235014.000000, 15360, 2, 16
8363737438.000000, 20480, 2, 16
13099305687.000000, 25600, 2, 16
18831404676.000000, 30720, 2, 16
25631335982.000000, 35840, 2, 16
33466927468.000000, 40960, 2, 16
42362188570.000000, 46080, 2, 16
52364458554.000000, 51200, 2, 16
525597689.000000, 5120, 2, 16
2107037128.000000, 10240, 2, 16
4709390748.000000, 15360, 2, 16
8363656145.000000, 20480, 2, 16
13070621081.000000, 25600, 2, 16
18828728559.000000, 30720, 2, 16
