595745452.000000, 5120, 2, 4
2470191612.000000, 10240, 2, 4
5338781904.000000, 15360, 2, 4
9491125955.000000, 20480, 2, 4
14834163372.000000, 25600, 2, 4
21339811180.000000, 30720, 2, 4
602766662.000000, 5120, 2, 16
2400553481.000000, 10240, 2, 16
5396186030.000000, 15360, 2, 16
9596561263.000000, 20480, 2, 16
15010835077.000000, 25600, 2, 16
21556337547.000000, 30720, 2, 16
29374339676.000000, 35840, 2, 16
38381083146.000000, 40960, 2, 16
48558304623.000000, 46080, 2, 16
59950771564.000000, 51200, 2, 16
73104454677.000000, 56320, 2, 16
86340577799.500000, 61440, 2, 16
101292635757.000000, 66560, 2, 16
117553486622.000000, 71680, 2, 16
135097984685.000000, 76800, 2, 16
153571371280.000000, 81920, 2, 16
173237008367.000000, 87040, 2, 16
194305817180.000000, 92160, 2, 16
216624640628.000000, 97280, 2, 16
239863201740.000000, 102400, 2, 16
264312127271.000000, 107520, 2, 16
